LLWearable version 22
Professional Female

	permissions 0
	{
		base_mask	0008e000
		owner_mask	0008e000
		group_mask	00000000
		everyone_mask	00000000
		next_owner_mask	0008e000
		creator_id	df110c10-72e6-40d6-8916-14b4b0366b18
		owner_id	9876c9ef-9090-4bd9-9899-5ba0450e43f6
		last_owner_id	9876c9ef-9090-4bd9-9899-5ba0450e43f6
		group_id	00000000-0000-0000-0000-000000000000
	}
	sale_info	0
	{
		sale_type	not
		sale_price	10
	}
type 0
parameters 137
1 .39
2 -.7
4 -.11
5 .04
6 .02
7 .02
8 -.42
10 .43
11 -.12
12 .01
13 0
14 .5
15 -.16
17 -.49
18 -.82
19 -.58
20 -.16
21 .38
22 0
23 -.46
24 .46
25 .12
26 .25
27 -.17
28 0
29 -.58
30 -.58
32 0
33 .54
34 -.35
35 -.37
36 -1.03
37 -.86
38 -.36
40 0
80 0
100 0
104 0
105 .54
106 0
151 0
152 0
153 0
155 -.77
156 0
157 0
185 -.8
186 -.33
187 .25
188 .1
189 0
193 .43
194 -1
195 -.5
196 -1.25
505 .32
506 -.32
507 -.66
515 -1
517 -.13
518 1.5
626 .08
627 0
629 .26
630 .48
631 0
633 .15
634 .15
635 .15
637 .15
646 -.33
647 .25
648 .44
649 .33
650 .63
651 .3
652 .4
653 .26
655 -.08
656 0
657 .62
658 0
659 .72
660 0
661 0
662 .5
663 0
664 0
665 .08
675 -.14
676 -.16
677 0
678 .5
679 -.08
680 -.08
681 -.08
682 .5
683 -.22
684 .72
685 0
686 -.4
687 -.05
688 -.05
689 -.2
690 .4
691 -.05
692 .26
693 .46
694 -.08
695 -.05
753 .41
756 -.2
758 -.3
759 .22
760 .66
764 .52
765 .62
767 -.36
768 -.36
769 .41
770 .36
772 .36
773 .68
794 .27
795 .22
796 0
797 0
798 .09
799 .53
841 -.12
842 0
843 0
853 -.12
854 .41
855 -.16
879 0
880 -1.3
textures 0
