LLWearable version 22
Professional Female - C - med - Adam n Eve

	permissions 0
	{
		base_mask	0008e000
		owner_mask	0008e000
		group_mask	00000000
		everyone_mask	00000000
		next_owner_mask	0008e000
		creator_id	df110c10-72e6-40d6-8916-14b4b0366b18
		owner_id	285a8af7-7a1d-4608-8fb5-200b816e7ee1
		last_owner_id	285a8af7-7a1d-4608-8fb5-200b816e7ee1
		group_id	00000000-0000-0000-0000-000000000000
	}
	sale_info	0
	{
		sale_type	not
		sale_price	10
	}
type 0
parameters 82
1 .39
2 -.7
4 -.08
5 .04
6 .02
7 .02
8 -.42
10 .43
11 -.12
12 -.5
13 0
14 .5
15 -.16
17 .05
18 -.82
19 -.58
20 -.16
21 .38
22 0
23 -.46
24 .46
25 .12
27 -.17
33 -.11
34 .14
35 -.37
36 -1.06
37 -.86
38 -.42
80 0
105 .5
155 -.77
157 0
185 -.8
193 .43
196 -1.25
505 .38
506 -.32
507 -.77
515 -1
517 -.11
518 .6
629 .26
637 .08
646 -.33
647 .25
649 .36
650 .08
652 .4
653 .5
656 0
659 .63
662 .5
663 0
664 0
665 .08
675 -.14
676 -.4
678 .5
682 .5
683 -.17
684 .28
685 0
690 .4
692 .26
693 .46
753 .41
756 -.2
758 -.3
759 .5
760 .66
764 .52
765 .62
769 .41
773 .68
795 .22
796 0
799 .5
841 -.12
842 0
879 0
880 -1.07
textures 0
