LLWearable version 22
Professional Female - Eyebrowshaper

	permissions 0
	{
		base_mask	0008e000
		owner_mask	0008e000
		group_mask	00000000
		everyone_mask	00000000
		next_owner_mask	0008e000
		creator_id	df110c10-72e6-40d6-8916-14b4b0366b18
		owner_id	9876c9ef-9090-4bd9-9899-5ba0450e43f6
		last_owner_id	9876c9ef-9090-4bd9-9899-5ba0450e43f6
		group_id	00000000-0000-0000-0000-000000000000
	}
	sale_info	0
	{
		sale_type	not
		sale_price	10
	}
type 2
parameters 90
16 .65
31 .72
112 0
113 0
114 0
115 0
119 0
130 0
131 0
132 0
133 0
134 0
135 0
136 .5
137 .5
140 0
141 0
142 0
143 -4
144 1
145 0
146 1
147 0
148 1
149 0
166 0
167 0
168 0
169 0
171 0
172 1
173 0
174 1
175 0
176 1
177 0
178 0
179 0
180 0
181 -1
182 -1
183 -1
184 0
190 0
191 0
192 0
400 .75
640 0
641 0
642 0
643 0
644 0
645 0
674 -1
750 0
751 0
752 .5
754 .5
755 0
757 .2
761 1.3
762 0
763 0
771 0
774 0
782 0
783 0
784 0
785 0
786 0
787 0
788 0
789 0
790 0
870 -.01
871 .8
872 .36
1000 0
1001 0
1002 0
1003 0
1004 0
1005 0
1006 0
1007 0
1008 0
1009 0
1010 0
1011 0
1012 .25
textures 1
4 7ca39b4c-bd19-4699-aff7-f93fd03d3e7b
