LLWearable version 22
Professional Male

	permissions 0
	{
		base_mask	00082000
		owner_mask	00082000
		group_mask	00000000
		everyone_mask	00000000
		next_owner_mask	00082000
		creator_id	df110c10-72e6-40d6-8916-14b4b0366b18
		owner_id	ba3dda62-0d65-4a2d-b011-d4125899c4c4
		last_owner_id	ba3dda62-0d65-4a2d-b011-d4125899c4c4
		group_id	00000000-0000-0000-0000-000000000000
	}
	sale_info	0
	{
		sale_type	not
		sale_price	10
	}
type 0
parameters 137
1 .04
2 -.54
4 .91
5 .05
6 .35
7 -.03
8 -.28
10 -.38
11 .04
12 .19
13 0
14 .4
15 0
17 .1
18 -.3
19 -.43
20 -.44
21 -.2
22 0
23 -.1
24 0
25 .23
26 0
27 .75
28 0
29 .06
30 .06
32 1
33 1.78
34 1.02
35 0
36 -.5
37 -.68
38 -.5
40 1
80 1
100 1
104 0
105 .5
106 0
151 0
152 0
153 1
155 -.06
156 0
157 0
185 -.64
186 .24
187 .25
188 0
189 .2
193 .6
194 -.64
195 -.32
196 -.98
505 .5
506 .48
507 0
515 -1
517 -.02
518 0
626 0
627 0
629 .31
630 .38
631 0
633 .23
634 .23
635 .23
637 .23
646 .24
647 .25
648 0
649 .5
650 .08
651 0
652 .5
653 1.1
655 -.05
656 0
657 0
658 0
659 .5
660 0
661 0
662 .5
663 0
664 0
665 0
675 -.04
676 .08
677 .13
678 .45
679 -.05
680 -.05
681 -.05
682 .58
683 -.15
684 0
685 0
686 -.28
687 -.03
688 -.03
689 -.14
690 .43
691 -.03
692 .58
693 .1
694 -.05
695 -.03
753 0
756 -.18
758 .09
759 .6
760 .88
764 .04
765 -.1
767 .4
768 .4
769 .6
770 .1
772 .1
773 .55
794 .17
795 .25
796 0
797 0
798 .24
799 .58
841 -.16
842 0
843 0
853 -.16
854 0
855 .08
879 -.18
880 -.3
textures 0
