LLWearable version 22
Girl Next Door - C2 - med - Adam n Eve

	permissions 0
	{
		base_mask	0008e000
		owner_mask	0008e000
		group_mask	00000000
		everyone_mask	00000000
		next_owner_mask	0008e000
		creator_id	df110c10-72e6-40d6-8916-14b4b0366b18
		owner_id	a1da715b-1a31-4ae8-9f0a-aceeccb91e2f
		last_owner_id	285a8af7-7a1d-4608-8fb5-200b816e7ee1
		group_id	00000000-0000-0000-0000-000000000000
	}
	sale_info	0
	{
		sale_type	not
		sale_price	10
	}
type 0
parameters 82
1 -.21
2 .35
4 -.08
5 .04
6 -.04
7 .3
8 -.42
10 -.15
11 .16
12 -.5
13 0
14 1
15 -.16
17 -.22
18 -.42
19 -.78
20 -.16
21 .01
22 0
23 -.44
24 .32
25 .35
27 -.55
33 -.97
34 .42
35 -.1
36 -.62
37 -.86
38 -.48
80 0
105 .45
155 -.83
157 0
185 -.68
193 .55
196 -.98
505 .29
506 -.92
507 -.91
515 -1
517 -.13
518 .6
629 .5
637 .1
646 -.26
647 .34
649 .38
650 -.32
652 .4
653 .74
656 0
659 .76
662 .5
663 0
664 0
665 .08
675 -.14
676 -.37
678 .5
682 .5
683 -.17
684 .76
685 0
690 .52
692 .26
693 -.08
753 .51
756 -.4
758 .21
759 .5
760 .75
764 .74
765 .18
769 .37
773 .53
795 .22
796 0
799 .71
841 -.12
842 0
879 0
880 -.37
textures 0
