LLWearable version 22
Boy Next Door

	permissions 0
	{
		base_mask	00082000
		owner_mask	00082000
		group_mask	00000000
		everyone_mask	00000000
		next_owner_mask	00082000
		creator_id	285a8af7-7a1d-4608-8fb5-200b816e7ee1
		owner_id	de327193-0d57-480b-97b4-e532746332e9
		last_owner_id	de327193-0d57-480b-97b4-e532746332e9
		group_id	00000000-0000-0000-0000-000000000000
	}
	sale_info	0
	{
		sale_type	not
		sale_price	10
	}
type 0
parameters 137
1 .55
2 -.8
4 .53
5 -.1
6 .08
7 .45
8 .06
10 .52
11 -.5
12 -.2
13 .22
14 -.5
15 -.16
17 .11
18 .82
19 -.33
20 -.48
21 .14
22 .67
23 -.16
24 -.24
25 1.09
26 0
27 -.22
28 0
29 .12
30 .12
32 1
33 .28
34 .42
35 .11
36 -.55
37 1
38 -.14
40 1
80 1
100 1
104 .15
105 .5
106 .9
151 .49
152 .42
153 1
155 0
156 .15
157 .15
185 .12
186 -.29
187 .16
188 0
189 1
193 1
194 -.28
195 -.14
196 -.71
505 .5
506 .12
507 0
515 1.6
517 .16
518 .87
626 0
627 0
629 .3
630 .4
631 0
633 .27
634 .27
635 .27
637 .27
646 -.29
647 .16
648 0
649 .5
650 -.32
651 0
652 .64
653 -.1
655 -.05
656 0
657 .17
658 0
659 .56
660 0
661 0
662 .5
663 0
664 0
665 -.24
675 -.07
676 .56
677 0
678 .82
679 -.05
680 -.05
681 -.05
682 .57
683 -.02
684 0
685 .35
686 -.32
687 -.04
688 -.04
689 -.16
690 .42
691 -.04
692 .38
693 .06
694 -.05
695 -.04
753 .13
756 -.4
758 .48
759 .77
760 .78
764 .44
765 .46
767 -1.28
768 -1.28
769 .18
770 -.1
772 -.1
773 .45
794 0
795 .64
796 -.03
797 .06
798 0
799 .48
841 -.02
842 -.06
843 0
853 -.02
854 .13
855 .56
879 -0
880 -1.3
textures 0
