LLWearable version 22
Male Shape & Outfit Hair

	permissions 0
	{
		base_mask	7fffffff
		owner_mask	7fffffff
		group_mask	7fffffff
		everyone_mask	7fffbfff
		next_owner_mask	7fffffff
		creator_id	00000000-0000-0000-0000-000000000000
		owner_id	d7f985f3-c26e-430e-9394-51f068b89c76
		last_owner_id	d929385f-41e3-4a34-a04e-f1fc39f24f12
		group_id	00000000-0000-0000-0000-000000000000
	}
	sale_info	0
	{
		sale_type	not
		sale_price	10
	}
type 2
parameters 90
16 .41
31 .74
112 0
113 0
114 .51
115 0
119 .25
130 .67
131 0
132 .07
133 0
134 .38
135 .53
136 .17
137 .5
140 .44
141 .4
142 .4
143 -.7
144 0
145 1.7
146 1
147 0
148 .86
149 0
166 .6
167 0
168 0
169 0
171 0
172 1
173 0
174 .24
175 .18
176 0
177 0
178 0
179 .66
180 .96
181 -.3
182 -.2
183 -.52
184 0
190 0
191 0
192 .72
400 0
640 0
641 0
642 0
643 0
644 0
645 0
674 .05
750 1
751 .05
752 .19
754 .68
755 .06
757 -.58
761 0
762 .45
763 .87
771 0
774 0
782 0
783 0
784 0
785 0
786 0
787 0
788 0
789 0
790 0
870 -.11
871 .28
872 .37
1000 .25
1001 .25
1002 1
1003 1
1004 .6
1005 .6
1006 0
1007 0
1008 0
1009 0
1010 0
1011 0
1012 1
textures 1
4 7dbb2ccc-2285-9131-348d-db9597392673
