LLWearable version 22
City Chic Shape

	permissions 0
	{
		base_mask	7fff3fff
		owner_mask	7fff3fff
		group_mask	7fff3fff
		everyone_mask	7fff3fff
		next_owner_mask	7fff3fff
		creator_id	00000000-0000-0000-0000-000000000000
		owner_id	a9d08fd9-5b16-4ed3-b684-21e5afa02379
		last_owner_id	a9d08fd9-5b16-4ed3-b684-21e5afa02379
		group_id	00000000-0000-0000-0000-000000000000
	}
	sale_info	0
	{
		sale_type	not
		sale_price	10
	}
type 0
parameters 82
1 -.3
2 -.31
4 -.34
5 -.1
6 .34
7 -.37
8 -.5
10 .25
11 -.44
12 -.5
13 .18
14 .8
15 .58
17 .82
18 .66
19 -.03
20 -.16
21 .46
22 .06
23 -.5
24 0
25 -.2
27 -.07
33 -.02
34 -.7
35 -.34
36 -.2
37 -.86
38 .14
80 0
105 .52
155 -.68
157 .18
185 -.72
193 1
196 .1
505 .67
506 -.84
507 .18
515 -.16
517 .1
518 .62
629 .11
637 .08
646 .45
647 .19
649 .46
650 .25
652 .55
653 .05
656 .38
659 .8
662 .54
663 .58
664 0
665 0
675 0
676 -.31
678 .42
682 .88
683 -.12
684 .07
685 .63
690 .65
692 .8
693 .56
753 .95
756 0
758 -.42
759 .22
760 .14
764 1.2
765 -.3
769 .06
773 .52
795 .17
796 0
799 .57
841 0
842 -.54
879 0
880 -1.3
textures 0
