LLWearable version 22
Medium Brown Hair

	permissions 0
	{
		base_mask	00082000
		owner_mask	00082000
		group_mask	00082000
		everyone_mask	00082000
		next_owner_mask	00082000
		creator_id	d929385f-41e3-4a34-a04e-f1fc39f24f12
		owner_id	a9d08fd9-5b16-4ed3-b684-21e5afa02379
		last_owner_id	a9d08fd9-5b16-4ed3-b684-21e5afa02379
		group_id	00000000-0000-0000-0000-000000000000
	}
	sale_info	0
	{
		sale_type	not
		sale_price	0
	}
type 2
parameters 90
16 .7
31 .91
112 0
113 .01
114 .03
115 .03
119 .33
130 .01
131 .4
132 .02
133 .83
134 .01
135 .55
136 .58
137 .54
140 0
141 .02
142 0
143 -.21
144 .98
145 0
146 .2
147 0
148 .96
149 0
166 .95
167 0
168 .12
169 0
171 .66
172 0
173 0
174 .98
175 .3
176 0
177 0
178 .16
179 0
180 .55
181 -.06
182 -.08
183 -.36
184 0
190 0
191 .08
192 0
400 .77
640 0
641 0
642 0
643 0
644 0
645 0
674 .84
750 .68
751 0
752 .51
754 -.15
755 1.41
757 .75
761 0
762 .36
763 .71
771 0
774 0
782 0
783 0
784 0
785 0
786 0
787 0
788 1
789 1
790 0
870 .01
871 1.17
872 .46
1000 .33
1001 .33
1002 .68
1003 .68
1004 .95
1005 .95
1006 0
1007 0
1008 .12
1009 .12
1010 0
1011 0
1012 .23
textures 1
4 7ca39b4c-bd19-4699-aff7-f93fd03d3e7b
