LLWearable version 22
Male Shape & Outfit Shape

	permissions 0
	{
		base_mask	7fffffff
		owner_mask	7fffffff
		group_mask	7fffffff
		everyone_mask	7fffbfff
		next_owner_mask	7fffffff
		creator_id	00000000-0000-0000-0000-000000000000
		owner_id	d7f985f3-c26e-430e-9394-51f068b89c76
		last_owner_id	d7f985f3-c26e-430e-9394-51f068b89c76
		group_id	00000000-0000-0000-0000-000000000000
	}
	sale_info	0
	{
		sale_type	not
		sale_price	10
	}
type 0
parameters 137
1 1.95
2 1.11
4 -.43
5 1
6 .56
7 -.13
8 -.26
10 1.92
11 .64
12 1.54
13 1.02
14 -.4
15 -.5
17 .28
18 1.74
19 .07
20 -.16
21 .02
22 0
23 .96
24 .18
25 1.5
26 0
27 -1.05
28 .56
29 .36
30 .36
32 1
33 1.18
34 .4
35 1.01
36 .82
37 .64
38 .86
40 1
80 1
100 1
104 0
105 .61
106 0
151 .61
152 0
153 1
155 .27
156 0
157 0
185 .86
186 -.63
187 .56
188 .53
189 0
193 .12
194 -.48
195 -.24
196 -.86
505 .64
506 .92
507 -.45
515 2.04
517 .02
518 .33
626 .22
627 0
629 .37
630 .26
631 0
633 .81
634 .81
635 .81
637 .81
646 -.63
647 .56
648 .18
649 .43
650 -.7
651 .15
652 .45
653 -.7
655 -.01
656 .8
657 0
658 .53
659 .28
660 .28
661 .28
662 .57
663 .32
664 -1.3
665 -0
675 .14
676 1.4
677 .03
678 .49
679 -.01
680 -.01
681 -.01
682 .69
683 -.19
684 -.14
685 .28
686 -.32
687 -.04
688 -.04
689 -.16
690 .42
691 -.04
692 .64
693 -.7
694 -.01
695 -.04
753 1.67
756 .66
758 -.54
759 .85
760 -.05
764 .16
765 -.3
767 -1.64
768 -1.64
769 .09
770 -.3
772 -.3
773 .35
794 0
795 .73
796 .69
797 .48
798 0
799 .34
841 .3
842 -.08
843 0
853 .3
854 1.67
855 1.4
879 .35
880 -1.3
textures 0
