LLWearable version 22
City Chic Shape -female

	permissions 0
	{
		base_mask	7fff3fff
		owner_mask	7fff3fff
		group_mask	7fff3fff
		everyone_mask	7fff3fff
		next_owner_mask	7fff3fff
		creator_id	00000000-0000-0000-0000-000000000000
		owner_id	a9d08fd9-5b16-4ed3-b684-21e5afa02379
		last_owner_id	a9d08fd9-5b16-4ed3-b684-21e5afa02379
		group_id	00000000-0000-0000-0000-000000000000
	}
	sale_info	0
	{
		sale_type	not
		sale_price	10
	}
type 0
parameters 137
1 -.3
2 -.31
4 -.34
5 -.1
6 .34
7 -.37
8 -.5
10 .25
11 -.44
12 -.5
13 .18
14 .8
15 .58
17 .82
18 .66
19 -.03
20 -.16
21 .46
22 .06
23 -.5
24 0
25 -.2
26 0
27 -.07
28 .68
29 -.5
30 -.5
32 0
33 -.02
34 -.63
35 -.34
36 -.2
37 -.86
38 .14
40 0
80 0
100 0
104 .18
105 .52
106 0
151 0
152 .15
153 0
155 -.68
156 .18
157 .18
185 -.72
186 .45
187 .19
188 0
189 1
193 1
194 .8
195 .4
196 .1
505 .67
506 -.84
507 .18
515 -.16
517 .1
518 .62
626 .04
627 0
629 .11
630 .78
631 0
633 .08
634 .08
635 .08
637 .08
646 .45
647 .19
648 .1
649 .46
650 .25
651 0
652 .55
653 .05
655 .06
656 .38
657 .84
658 0
659 .8
660 .16
661 .16
662 .54
663 .58
664 0
665 0
675 0
676 -.31
677 .21
678 .42
679 .06
680 .06
681 .06
682 .88
683 -.12
684 .07
685 .63
686 .6
687 .07
688 .07
689 .3
690 .65
691 .07
692 .8
693 .56
694 .06
695 .07
753 .95
756 0
758 -.42
759 .22
760 .14
764 1.2
765 -.3
767 -1.76
768 -1.76
769 .06
770 .04
772 .04
773 .52
794 .43
795 .17
796 0
797 0
798 .21
799 .57
841 0
842 -.54
843 0
853 0
854 .95
855 -.31
879 0
880 -1.3
textures 0
