LLWearable version 22
Girl Next Door

	permissions 0
	{
		base_mask	0008e000
		owner_mask	0008e000
		group_mask	00000000
		everyone_mask	00000000
		next_owner_mask	0008e000
		creator_id	df110c10-72e6-40d6-8916-14b4b0366b18
		owner_id	a1da715b-1a31-4ae8-9f0a-aceeccb91e2f
		last_owner_id	a1da715b-1a31-4ae8-9f0a-aceeccb91e2f
		group_id	00000000-0000-0000-0000-000000000000
	}
	sale_info	0
	{
		sale_type	not
		sale_price	10
	}
type 0
parameters 137
1 -.21
2 .35
4 -.08
5 .04
6 -.04
7 .3
8 -.42
10 -.15
11 .16
12 -.5
13 0
14 1
15 -.16
17 -.22
18 -.42
19 -.78
20 -.16
21 .01
22 0
23 -.44
24 .32
25 .35
26 .29
27 -.55
28 0
29 -.64
30 -.64
32 0
33 -.54
34 .18
35 -.1
36 -.62
37 -.86
38 -.48
40 0
80 0
100 0
104 0
105 .45
106 0
151 0
152 0
153 0
155 -.83
156 0
157 0
185 -.68
186 -.26
187 .34
188 0
189 .1
193 .55
194 -.64
195 -.32
196 -.98
505 .29
506 -.92
507 -.91
515 -1
517 -.13
518 .6
626 0
627 .1
629 .5
630 0
631 0
633 .11
634 .11
635 .11
637 .11
646 -.26
647 .34
648 .31
649 .38
650 -.32
651 .3
652 .4
653 .74
655 -.08
656 0
657 .73
658 0
659 .76
660 0
661 0
662 .5
663 0
664 0
665 .08
675 -.14
676 -.37
677 0
678 .5
679 -.08
680 -.08
681 -.08
682 .5
683 -.17
684 .76
685 0
686 .08
687 .01
688 .01
689 .04
690 .52
691 .01
692 .26
693 -.08
694 -.08
695 .01
753 .51
756 -.4
758 .21
759 .5
760 .75
764 .74
765 .18
767 -.52
768 -.52
769 .37
770 .06
772 .06
773 .53
794 .27
795 .22
796 0
797 0
798 .63
799 .71
841 -.12
842 0
843 0
853 -.12
854 .51
855 -.37
879 0
880 -.37
textures 0
