LLWearable version 22
Clubgoer Female Hair

	permissions 0
	{
		base_mask	7fffffff
		owner_mask	7fffffff
		group_mask	7fffffff
		everyone_mask	7fffbfff
		next_owner_mask	7fffffff
		creator_id	00000000-0000-0000-0000-000000000000
		owner_id	a1da715b-1a31-4ae8-9f0a-aceeccb91e2f
		last_owner_id	05d08da9-a56f-4821-a4d3-4261008c19cf
		group_id	00000000-0000-0000-0000-000000000000
	}
	sale_info	0
	{
		sale_type	not
		sale_price	10
	}
type 2
parameters 90
16 1.35
31 .32
112 0
113 .61
114 0
115 0
119 0
130 .09
131 .84
132 .47
133 0
134 .27
135 .53
136 .63
137 .5
140 0
141 0
142 0
143 -.98
144 .82
145 0
146 0
147 1.36
148 .06
149 0
166 0
167 0
168 0
169 0
171 0
172 1
173 0
174 .46
175 .18
176 0
177 0
178 .26
179 0
180 0
181 -1
182 .2
183 -.02
184 0
190 0
191 0
192 0
400 .75
640 0
641 0
642 0
643 0
644 0
645 0
674 .56
750 0
751 0
752 .5
754 -.49
755 1.5
757 .92
761 1.3
762 .21
763 0
771 0
774 0
782 0
783 0
784 0
785 0
786 0
787 0
788 0
789 0
790 0
870 .29
871 1.28
872 .16
1000 0
1001 0
1002 0
1003 0
1004 0
1005 0
1006 0
1007 0
1008 0
1009 0
1010 0
1011 0
1012 .25
textures 1
4 7ca39b4c-bd19-4699-aff7-f93fd03d3e7b
